0 0 0 1
-0.22661 -0.105583 0.436015 0
-0.0498408 0.0712007 0.78544 1
0.126928 0.247985 0.78544 1
0.303698 0.424769 0.78544 1
0.480467 0.601553 0.78544 1
0.657236 0.778337 0.78544 1
0.834006 0.955121 0.78544 1
1.01077 1.13191 0.78544 1
1.18754 1.30869 0.78544 1
1.36431 1.48547 0.78544 1
1.54108 1.66226 0.78544 1
1.71785 1.83904 0.78544 1
1.89462 2.01583 0.78544 1
2.07139 2.19261 0.78544 1
2.24816 2.36939 0.78544 1
2.42493 2.54618 0.78544 1
2.6017 2.72296 0.78544 1
2.77847 2.89975 0.78544 1
2.95524 3.07653 0.78544 1
3.13201 3.25331 0.78544 1
3.30878 3.4301 0.78544 1
3.48555 3.60688 0.78544 1
3.6618 3.78418 0.788325 1
3.83806 3.96147 0.788325 1
4.01432 4.13876 0.788325 1
4.19058 4.31606 0.788325 1
4.36684 4.49335 0.788325 1
4.5431 4.67064 0.788325 1
4.71935 4.84794 0.788325 1
4.89561 5.02523 0.788325 1
5.07187 5.20252 0.788325 1
5.24813 5.37982 0.788325 1
5.42439 5.55711 0.788325 1
5.60065 5.7344 0.788325 1
5.77691 5.9117 0.788325 1
5.95316 6.08899 0.788325 1
6.12942 6.26628 0.788325 1
6.30568 6.44358 0.788325 1
6.48194 6.62087 0.788325 1
6.6582 6.79816 0.788325 1
6.83446 6.97546 0.788325 1
7.01072 7.15275 0.788325 1
7.18697 7.33004 0.788325 1
7.36172 7.50882 0.796798 1
7.53647 7.6876 0.796798 1
7.71122 7.86638 0.796798 1
7.88597 8.04516 0.796798 1
8.06072 8.22394 0.796798 1
8.23547 8.40272 0.796798 1
8.41022 8.58151 0.796798 1
8.58497 8.76029 0.796798 1
8.75972 8.93907 0.796798 1
8.93447 9.11785 0.796798 1
9.10922 9.29663 0.796798 1
9.28398 9.47541 0.681528 1
9.38545 9.57922 0.681528 1
9.5796 9.73672 0.68552 1
9.77312 9.89499 0.433497 1
10 10 0 1
